1 1
2 2
4 4
5 5
7 7
8 8
10 1
20 2
40 4
50 5
70 7
80 8
100 1
110 2
112 4
133 7
140 5
152 8
190 10
200 2
209 11
220 4
224 8
230 5
247 13
266 14
280 10
308 11
320 5
322 7
364 13
370 10
392 14
400 4
407 11
410 5
440 8
448 16
460 10
476 17
481 13
500 5
506 11
511 7
512 8
518 14
550 10
592 16
605 11
629 17
640 10
644 14
700 7
704 11
715 13
730 10
736 16
770 14
782 17
800 8
803 11
820 10
832 13
874 19
880 16
902 11
910 10
935 17
1000 1
1010 2
1012 4
1015 7
1016 8
1040 5
1066 13
1088 17
1090 10
1100 2
1120 4
1130 5
1141 7
1148 14
1160 8
1168 16
1180 10
1183 13
1204 7
1220 5
1232 8
1270 10
1274 14
1300 4
1304 8
1310 5
1330 7
1360 10
1387 19
1394 17
1400 5
1417 13
1450 10
1456 16
1520 8
1526 14
1534 13
1540 10
1547 17
1558 19
1630 10
1651 13
1652 14
1679 23
1720 10
1729 19
1744 16
1810 10
1853 17
1886 23
1898 26
1900 10
1904 14
2000 2
2020 4
2023 7
2024 8
2030 5
2080 10
2090 11
2119 13
2120 5
2156 14
2159 17
2170 10
2176 16
2200 4
2210 5
2212 7
2236 13
2240 8
2260 10
2282 14
2300 5
2312 8
2350 10
2353 13
2398 22
2401 7
2408 14
2440 10
2464 16
2465 17
2470 13
2530 10
2534 14
2584 19
2596 22
2600 8
2608 16
2618 17
2620 10
2660 14
2704 13
2710 10
2752 16
2755 19
2771 17
2794 22
2800 10
2821 13
2912 14
2924 17
2926 19
2992 22
3020 5
3031 7
3032 8
3038 14
3055 13
3070 10
3077 17
3080 11
3097 19
3100 4
3104 8
3110 5
3160 10
3164 14
3172 13
3184 16
3200 5
3220 7
3250 10
3268 19
3290 14
3320 8
3328 16
3340 10
3383 17
3388 22
3406 13
3416 14
3430 10
3439 19
3472 16
3520 10
3523 13
3536 17
3542 14
3586 22
3610 10
3616 16
3640 13
3700 10
3749 23
3760 16
3781 19
3784 22
3842 17
3904 16
3920 14
3952 19
3956 23
3980 20
3982 22
4000 4
4010 5
4040 8
4046 14
4048 16
4060 10
4070 11
4100 5
4102 7
4108 13
4112 8
4148 17
4150 10
4172 14
4192 16
4225 13
4240 10
4294 19
4330 10
4336 16
4342 13
4378 22
4400 8
4420 10
4424 14
4454 17
4465 19
4480 16
4510 10
4550 14
4576 22
4577 23
4600 10
4607 17
4624 16
4636 19
4760 17
4774 22
4784 23
4802 14
4807 19
4810 13
4880 20
4912 16
4913 17
4972 22
4975 25
4988 29
4991 23
5000 5
5044 13
5050 10
5054 14
5056 16
5060 11
5066 17
5110 7
5120 8
5140 10
5149 19
5161 13
5180 14
5198 23
5219 17
5230 10
5306 14
5320 10
5344 16
5368 22
5372 17
5410 10
5432 14
5491 19
5500 10
5512 13
5525 17
5566 22
5632 16
5662 19
5764 22
5780 20
5810 14
5819 23
5831 17
5833 19
5875 25
5876 26
5920 16
5960 20
5962 22
6040 10
6050 11
6062 14
6064 16
6130 10
6137 17
6175 19
6200 8
6208 16
6214 13
6220 10
6290 17
6310 10
6314 14
6331 13
6346 19
6352 16
6358 22
6400 10
6440 14
6443 17
6517 19
6556 22
6578 26
6640 16
6647 23
6680 20
6754 22
6775 25
6854 23
6860 20
6902 17
6952 22
7000 7
7030 10
7033 13
7040 11
7055 17
7070 14
7072 16
7120 10
7150 13
7208 17
7210 10
7216 16
7268 23
7300 10
7322 14
7348 22
7360 16
7361 17
7372 19
7475 23
7501 13
7504 16
7514 17
7543 19
7546 22
7580 20
7588 28
7598 29
7675 25
7682 23
7700 14
7714 19
7744 22
7748 26
7760 20
7820 17
7859 29
7940 20
7942 22
7982 26
8000 8
8020 10
8030 11
8056 19
8080 16
8096 23
8110 10
8126 17
8200 10
8203 13
8204 14
8224 16
8227 19
8320 13
8330 14
8338 22
8432 17
8480 20
8512 16
8536 22
8575 25
8596 28
8660 20
8684 26
8717 23
8734 22
8740 19
8800 16
8840 20
8848 28
8911 19
8918 26
8924 23
8932 22
8959 31
9010 10
9020 11
9022 13
9044 17
9082 19
9100 10
9212 14
9232 16
9253 19
9328 22
9338 23
9350 17
9380 20
9386 26
9424 19
9475 25
9503 17
9520 16
9526 22
9545 23
9560 20
9686 29
9724 22
9740 20
9752 23
9796 31
9854 26
9856 28
9920 20
9922 22
9925 25
9947 29
10000 1
10010 2
10012 4
10016 8
10024 7
10040 5
10075 13
10090 10
10094 14
10096 16
10100 2
10109 11
10120 4
10130 5
10150 7
10160 8
10180 10
10192 13
10208 11
10213 7
10220 5
10232 8
10268 17
10270 10
10279 19
10300 4
10304 8
10307 11
10309 13
10310 5
10346 14
10360 10
10384 16
10400 5
10402 7
10406 11
10426 13
10450 10
10472 14
10505 11
10520 8
10528 16
10540 10
10543 13
10574 17
10604 11
10630 10
10660 13
10672 16
10703 11
10720 10
10724 14
10727 17
10787 23
10792 19
10802 11
10810 10
10816 16
10850 14
10880 17
10900 10
10901 11
10960 16
10963 19
10994 23
11000 2
11020 4
11024 8
11030 5
11032 7
11080 10
11120 5
11128 13
11170 10
11186 17
11200 4
11210 5
11221 7
11228 14
11240 8
11245 13
11248 16
11260 10
11300 5
11312 8
11339 17
11350 10
11354 14
11362 13
11392 16
11410 7
11440 10
11476 19
11480 14
11492 17
11530 10
11536 16
11600 8
11606 14
11620 10
11645 17
11647 19
11680 16
11710 10
11713 13
11732 14
11800 10
11818 19
11824 16
11830 13
11951 17
12020 5
12032 8
12040 7
12064 13
12070 10
12100 4
12103 7
12104 8
12110 5
12160 10
12181 13
12200 5
12236 14
12250 10
12256 16
12257 17
12298 22
12320 8
12340 10
12362 14
12415 13
12430 10
12496 22
12520 10
12532 13
12544 16
12563 17
12610 10
12614 14
12673 19
12694 22
12700 10
12716 17
12740 14
12832 16
12844 19
12857 23
12892 22
12896 26
12980 20
13000 4
13010 5
13040 8
13060 10
13100 5
13111 7
13112 8
13117 13
13118 14
13150 10
13175 17
13186 19
13234 13
13240 10
13244 14
13264 16
13288 22
13300 7
13328 17
13330 10
13351 13
13357 19
13370 14
13400 8
13408 16
13420 10
13478 23
13481 17
13486 22
13510 10
13528 19
13552 16
13598 26
13600 10
13622 14
13634 17
13684 22
13685 23
13702 13
13840 16
13870 19
13880 20
13882 22
13888 28
13892 23
13940 17
13975 25
14000 5
14050 10
14053 13
14093 17
14099 23
14120 8
14126 14
14128 16
14140 10
14170 13
14230 10
14246 17
14252 14
14272 16
14278 22
14320 10
14383 19
14404 13
14410 10
14416 16
14476 22
14500 10
14504 14
14521 13
14552 17
14554 19
14560 16
14630 14
14674 22
14704 16
14705 17
14725 19
14768 26
14780 20
14872 22
14875 25
14896 28
14927 23
14960 20
15001 7
15008 14
15040 10
15067 19
15106 13
15130 10
15134 14
15136 16
15164 17
15200 8
15220 10
15223 13
15238 19
15260 14
15268 22
15280 16
15310 10
15317 17
15340 13
15400 10
15409 19
15424 16
15466 22
15470 17
15512 14
15548 23
15580 19
15623 17
15664 22
15680 20
15689 29
15712 16
15751 19
15755 23
15775 25
15860 20
15862 22
15922 19
15938 26
15962 23
16016 14
16030 10
16042 13
16082 17
16093 19
16120 10
16142 14
16144 16
16169 23
16210 10
16235 17
16258 22
16264 19
16300 10
16376 23
16432 16
16435 19
16456 22
16510 13
16520 14
16541 17
16580 20
16583 23
16606 19
16654 22
16675 25
16720 16
16760 20
16790 23
16852 22
16874 26
16940 20
16994 29
17000 8
17008 16
17020 10
17024 14
17110 10
17119 19
17150 14
17152 16
17153 17
17200 10
17212 13
17248 22
17290 19
17306 17
17402 14
17440 16
17446 22
17461 19
17480 20
17575 25
17576 26
17612 17
17618 23
17632 19
17644 22
17660 20
17668 28
17777 29
17803 19
17825 23
17840 20
17842 22
17887 31
17888 32
18010 10
18016 16
18031 13
18032 14
18071 17
18100 10
18145 19
18160 16
18224 17
18238 22
18239 23
18278 26
18299 29
18304 16
18316 19
18380 20
18410 14
18436 22
18446 23
18475 25
18530 17
18560 20
18634 22
18653 23
18676 28
18740 20
18746 26
18832 22
18860 23
18920 20
18925 25
18928 28
18980 26
19000 10
19024 16
19040 14
19067 23
19142 17
19171 19
19201 13
19228 22
19274 23
19280 20
19312 16
19342 19
19375 25
19426 22
19448 26
19460 20
19481 23
19513 19
19600 16
19601 17
19624 22
19640 20
19682 26
19684 28
19820 20
19822 22
19825 25
19865 29
19916 26
19936 28
20000 2
20009 11
20020 4
20024 8
20030 5
20041 7
20048 14
20080 10
20104 7
20108 11
20120 5
20137 13
20170 10
20174 14
20176 16
20197 19
20200 4
20207 11
20210 5
20230 7
20240 8
20254 13
20260 10
20300 5
20306 11
20312 8
20350 10
20366 17
20368 19
20371 13
20405 11
20426 14
20440 10
20464 16
20504 11
20519 17
20530 10
20539 19
20552 14
20600 8
20603 11
20605 13
20608 16
20620 10
20672 17
20702 11
20710 10
20722 13
20752 16
20800 10
20801 11
20804 14
20825 17
20881 19
20900 11
20930 14
21020 5
21032 8
21056 14
21070 10
21073 13
21100 4
21104 8
21110 5
21112 7
21160 10
21182 14
21184 16
21190 13
21200 5
21250 10
21284 17
21301 7
21307 13
21308 14
21320 8
21328 16
21340 10
21394 19
21424 13
21430 10
21434 14
21437 17
21472 16
21520 10
21541 13
21560 14
21565 19
21590 17
21610 10
21616 16
21700 10
21736 19
21743 17
21758 23
21760 16
21788 26
21812 14
21904 16
21907 19
21965 23
21980 20
22000 4
22009 13
22010 5
22040 8
22048 16
22049 17
22060 10
22064 14
22078 19
22100 5
22112 8
22120 7
22126 13
22150 10
22190 14
22192 16
22198 22
22240 10
22243 13
22249 19
22316 14
22330 10
22336 16
22355 17
22360 13
22379 23
22396 22
22400 8
22420 10
22442 14
22480 16
22508 17
22510 10
22586 23
22591 19
22594 22
22600 10
22624 16
22661 17
22711 13
22762 19
22792 22
22793 23
22814 17
22820 14
22880 20
22912 16
22933 19
22958 26
22975 25
22990 22
22997 29
23000 5
23002 7
23050 10
23056 16
23062 13
23072 14
23120 8
23140 10
23188 22
23230 10
23273 17
23275 19
23320 10
23324 14
23344 16
23386 22
23410 10
23413 13
23426 17
23446 19
23450 14
23500 10
23530 13
23584 22
23617 19
23632 16
23702 14
23732 17
23780 20
23782 22
23828 23
23875 25
23894 26
23920 16
23960 20
23968 28
23980 22
24010 7
24038 17
24040 10
24064 16
24080 14
24115 13
24130 10
24178 22
24191 17
24200 8
24206 14
24208 16
24220 10
24232 13
24310 10
24332 14
24344 17
24352 16
24376 22
24400 10
24449 23
24472 19
24574 22
24596 26
24640 16
24643 19
24650 17
24656 23
24680 20
24700 13
24710 14
24772 22
24775 25
24803 17
24814 19
24860 20
24863 23
24970 22
24976 28
25030 10
25051 13
25072 16
25109 17
25120 10
25156 19
25168 22
25210 10
25214 14
25216 16
25262 17
25277 23
25298 26
25300 10
25327 19
25340 14
25360 16
25366 22
25402 13
25415 17
25484 23
25504 16
25564 22
25580 20
25675 25
25691 23
25699 31
25721 17
25760 20
25762 22
25766 26
25840 19
25868 29
25940 20
25960 22
25978 31
25984 28
26000 8
26020 10
26027 17
26080 16
26104 13
26110 10
26158 22
26180 17
26182 19
26200 10
26221 13
26222 14
26224 16
26333 17
26353 19
26356 22
26468 26
26480 20
26488 28
26512 16
26519 23
26524 19
26554 22
26575 25
26600 14
26660 20
26726 23
26752 22
26800 16
26840 20
26933 23
26936 26
26950 22
26992 28
27010 10
27037 19
27040 13
27100 10
27104 14
27148 22
27208 19
27230 14
27232 16
27251 17
27346 22
27347 23
27380 20
27404 17
27475 25
27496 28
27520 16
27544 22
27550 19
27554 23
27560 20
27638 26
27695 29
27710 17
27721 19
27740 20
27742 22
27748 28
27761 23
27872 26
27920 20
27925 25
27940 22
27956 29
27968 32
28000 10
28016 17
28063 19
28112 14
28138 22
28175 23
28210 13
28234 19
28240 16
28280 20
28322 17
28336 22
28375 25
28382 23
28405 19
28460 20
28478 29
28489 31
28534 22
28574 26
28640 20
28732 22
28739 29
28756 28
28768 31
28798 34
28808 26
28820 20
28825 25
28930 22
29104 16
29120 14
29128 22
29180 20
29240 17
29260 19
29275 25
29276 26
29326 22
29360 20
29417 23
29431 19
29524 22
29540 20
29602 19
29624 23
29696 32
29720 20
29722 22
29725 25
29744 26
29764 28
29783 29
29831 23
29884 31
29900 20
29920 22
29950 25
29984 32
30008 11
30020 5
30032 8
30070 10
30082 13
30100 4
30104 8
30107 11
30110 5
30121 7
30128 14
30158 17
30160 10
30200 5
30206 11
30250 10
30254 14
30256 16
30286 19
30305 11
30310 7
30316 13
30320 8
30340 10
30380 14
30404 11
30430 10
30433 13
30457 19
30464 17
30503 11
30506 14
30520 10
30544 16
30550 13
30602 11
30610 10
30617 17
30628 19
30632 14
30659 23
30700 10
30701 11
30770 17
30800 11
30832 16
30866 23
30901 13
30923 17
30970 19
30980 20
31000 4
31003 7
31010 5
31018 13
31040 8
31060 10
31076 17
31100 5
31112 8
31135 13
31136 14
31150 10
31229 17
31240 10
31252 13
31262 14
31264 16
31330 10
31382 17
31400 8
31408 16
31420 10
31483 19
31487 23
31510 10
31514 14
31535 17
31552 16
31600 10
31603 13
31640 14
31654 19
31694 23
31720 13
31825 19
31840 16
31841 17
31880 20
31975 25
32000 5
32011 7
32018 14
32050 10
32071 13
32098 22
32120 8
32128 16
32140 10
32144 14
32147 17
32167 19
32200 7
32230 10
32270 14
32272 16
32296 22
32305 13
32320 10
32338 19
32410 10
32416 16
32422 13
32453 17
32494 22
32500 10
32509 19
32522 14
32560 16
32606 17
32680 19
32692 22
32704 16
32729 23
32780 20
32786 26
32788 28
32851 19
32875 25
32890 22
32900 14
32912 17
32936 23
32960 20
33007 13
33026 14
33040 10
33065 17
33088 22
33124 13
33130 10
33136 16
33152 14
33193 19
33200 8
33218 17
33220 10
33241 13
33280 16
33286 22
33310 10
33364 19
33371 17
33400 10
33404 14
33424 16
33484 22
33488 26
33524 17
33530 14
33535 19
33557 23
33680 20
33682 22
33698 29
33706 19
33712 16
33764 23
33775 25
33796 28
33830 17
33860 20
33880 22
33956 26
33959 29
33971 23
34030 10
34034 14
34048 19
34060 13
34078 22
34120 10
34136 17
34144 16
34160 14
34178 23
34210 10
34219 19
34276 22
34300 10
34385 23
34390 19
34411 13
34412 14
34432 16
34442 17
34474 22
34561 19
34580 20
34592 23
34658 26
34672 22
34675 25
34720 16
34732 19
34760 20
34870 22
34892 26
34901 17
34903 19
34940 20
35000 8
35008 16
35020 10
35042 14
35054 17
35068 22
35074 19
35110 10
35113 13
35152 16
35200 10
35207 17
35230 13
35245 19
35266 22
35360 17
35416 19
35420 14
35440 16
35464 22
35480 20
35513 17
35575 25
35594 26
35627 23
35660 20
35662 22
35786 29
35828 26
35834 23
35840 20
35860 22
36010 10
36016 16
36050 14
36058 22
36100 10
36125 17
36160 16
36248 23
36256 22
36271 19
36296 26
36302 14
36304 16
36380 20
36400 13
36431 17
36442 19
36454 22
36455 23
36475 25
36560 20
36568 28
36569 29
36613 19
36652 22
36662 23
36740 20
36764 26
36850 22
36859 31
36896 32
36920 20
36925 25
37000 10
37024 16
37043 17
37048 22
37076 23
37102 13
37126 19
37246 22
37280 20
37283 23
37310 14
37312 16
37375 25
37444 22
37460 20
37466 26
37490 23
37502 17
37576 28
37600 16
37640 20
37642 22
37696 31
37810 19
37820 20
37825 25
37828 28
37840 22
37874 29
37904 23
37934 26
37975 31
37978 34
37999 37
38032 16
38038 22
38114 17
38152 19
38168 26
38180 20
38236 22
38275 25
38318 23
38320 16
38323 19
38360 20
38396 29
38420 17
38434 22
38525 23
38540 20
38584 28
38632 22
38636 26
38657 29
38720 20
38725 25
38732 23
38830 22
38836 28
38870 26
38896 34
38900 20
38918 29
38950 25
38998 37
39007 19
39028 22
39032 17
39040 16
39080 20
39088 28
39146 23
39175 25
39179 29
39200 14
39226 22
39260 20
39338 26
39353 23
39424 22
39440 20
39488 32
39520 19
39560 23
39572 26
39592 28
39620 20
39622 22
39625 25
39649 31
39776 32
39800 20
39806 26
39820 22
39844 28
39850 25
39928 31
39962 29
39997 37
40000 4
40007 11
40010 5
40012 7
40027 13
40040 8
40048 16
40060 10
40082 14
40100 5
40106 11
40112 8
40144 13
40150 10
40192 16
40201 7
40205 11
40208 14
40240 10
40256 17
40261 13
40304 11
40330 10
40334 14
40336 16
40375 19
40388 23
40400 8
40403 11
40409 17
40420 10
40460 14
40480 16
40502 11
40510 10
40546 19
40562 17
40595 23
40600 10
40601 11
40612 13
40624 16
40700 11
40712 14
40715 17
40717 19
40880 20
40912 16
40975 25
40976 26
41000 5
41020 7
41050 10
41056 16
41059 19
41080 13
41090 14
41120 8
41140 10
41174 17
41216 14
41230 10
41314 13
41320 10
41327 17
41342 14
41344 16
41410 10
41431 13
41480 17
41500 10
41572 19
41632 16
41633 17
41678 26
41720 14
41743 19
41780 20
41789 29
41837 23
41875 25
41914 19
41920 16
41960 20
42016 13
42040 10
42064 16
42085 19
42092 17
42130 10
42133 13
42196 22
42200 8
42208 16
42220 10
42224 14
42245 17
42250 13
42256 19
42310 10
42350 14
42352 16
42394 22
42400 10
42427 19
42458 23
42551 17
42592 22
42601 13
42602 14
42640 16
42665 23
42680 20
42704 17
42775 25
42790 22
42848 26
42860 20
42868 28
42872 23
42940 19
42997 31
43030 10
43072 16
43079 23
43106 14
43120 10
43163 17
43186 22
43210 10
43216 16
43232 14
43282 19
43286 23
43300 10
43303 13
43316 17
43360 16
43384 22
43420 13
43453 19
43493 23
43504 16
43580 20
43582 22
43610 14
43622 17
43624 19
43675 25
43760 20
43780 22
43784 26
43876 28
43877 29
43907 23
43940 20
44000 8
44005 13
44020 10
44080 16
44081 17
44110 10
44114 14
44122 13
44137 19
44176 22
44200 10
44224 16
44234 17
44240 14
44308 19
44374 22
44399 29
44480 20
44486 26
44512 16
44528 23
44540 17
44572 22
44575 25
44650 19
44660 20
44735 23
44770 22
44800 16
44821 19
44840 20
44884 28
44942 23
44954 26
45010 10
45100 10
45122 14
45149 23
45152 17
45163 19
45166 22
45188 26
45232 16
45305 17
45334 19
45356 23
45364 22
45380 20
45388 28
45475 25
45500 14
45505 19
45520 16
45560 20
45562 22
45563 23
45611 17
45656 26
45740 20
45760 22
45770 23
45787 31
45890 26
45892 28
45920 20
45925 25
45965 29
46000 10
46004 14
46018 19
46070 17
46111 13
46130 14
46156 22
46184 23
46223 17
46240 16
46280 20
46354 22
46358 26
46360 19
46375 25
46391 23
46396 28
46460 20
46487 29
46531 19
46552 22
46592 26
46640 20
46648 28
46688 32
46702 19
46748 29
46750 22
46805 23
46820 20
46825 25
46826 26
46976 32
47012 14
47044 19
47104 16
47141 17
47146 22
47180 20
47215 19
47219 23
47275 25
47294 26
47344 22
47360 20
47426 23
47528 26
47540 20
47542 22
47600 17
47633 23
47656 28
47720 20
47725 25
47740 22
47762 26
47792 29
47840 23
47900 20
47908 28
47950 25
47989 37
48020 14
48047 23
48070 19
48080 20
48100 13
48112 16
48136 22
48175 25
48212 17
48241 19
48254 23
48260 20
48298 31
48334 22
48400 16
48412 19
48440 20
48461 23
48464 26
48532 22
48575 29
48577 31
48620 20
48625 25
48664 28
48688 34
48730 22
48800 20
48836 29
48850 25
48856 31
48916 28
48932 26
48988 37
48992 32
48994 34
49075 25
49082 23
49097 29
49120 16
49126 22
49130 17
49160 20
49166 26
49168 28
49324 22
49340 20
49358 29
49520 20
49522 22
49525 25
49568 32
49619 29
49634 26
49672 28
49693 31
49700 20
49703 23
49720 22
49750 25
49856 32
49880 29
49910 23
49924 28
49972 31
49987 37
50000 5
50006 11
50036 14
50048 17
50050 10
50105 11
50120 8
50128 16
50140 10
50162 14
50204 11
50206 13
50230 10
50272 16
50293 19
50303 11
50320 10
50323 13
50354 17
50402 11
50410 10
50414 14
50416 16
50440 13
50464 19
50500 10
50501 11
50507 17
50540 14
50560 16
50600 11
50635 19
50660 17
50704 16
50738 23
50780 20
50806 19
50813 17
50875 25
50908 22
50945 23
50960 20
51025 13
51040 10
51044 14
51100 7
51119 17
51130 10
51136 16
51142 13
51148 19
51170 14
51200 8
51220 10
51272 17
51280 16
51310 10
51319 19
51359 23
51400 10
51422 14
51424 16
51425 17
51490 19
51566 23
51610 13
51661 19
51680 20
51688 28
51712 16
51731 17
51773 23
51775 25
51800 14
51832 19
51860 20
51968 29
51974 26
51980 23
52030 10
52037 17
52052 14
52096 22
52120 10
52144 16
52174 19
52187 23
52190 17
52210 10
52294 22
52300 10
52304 14
52312 13
52343 17
52345 19
52394 23
52430 14
52432 16
52492 22
52516 19
52580 20
52675 25
52676 26
52690 22
52696 28
52720 16
52760 20
52802 17
52808 23
52940 20
52948 28
53000 8
53008 16
53014 13
53020 10
53029 19
53060 14
53086 22
53108 17
53110 10
53131 13
53152 16
53200 10
53261 17
53284 22
53312 14
53371 19
53378 26
53414 17
53429 23
53440 16
53480 20
53482 22
53542 19
53575 25
53599 31
53636 23
53660 20
53680 22
53713 19
53720 17
53795 29
53840 20
53843 23
53846 26
53878 31
53888 32
53956 28
54010 10
54016 16
54026 17
54055 19
54076 22
54100 10
54160 16
54226 19
54257 23
54274 22
54301 13
54304 16
54320 14
54332 17
54380 20
54464 23
54472 22
54475 25
54548 26
54560 20
54578 29
54670 22
54671 23
54740 20
54782 26
54839 29
54910 19
54920 20
54925 25
54964 28
54994 31
55000 10
55003 13
55024 16
55066 22
55081 19
55085 23
55120 13
55202 14
55250 17
55252 19
55264 22
55280 20
55292 23
55312 16
55375 25
55403 17
55423 19
55460 20
55462 22
55468 28
55484 26
55600 16
55640 20
55660 22
55706 23
55718 26
55820 20
55825 25
55883 29
55913 23
55952 26
55972 28
56015 17
56032 16
56056 22
56107 19
56180 20
56186 26
56210 14
56254 22
56275 25
56320 16
56321 17
56327 23
56360 20
56389 31
56452 22
56476 28
56534 23
56540 20
56620 19
56650 22
56654 26
56666 29
56668 31
56720 20
56725 25
56728 28
56741 23
56768 32
56900 20
56927 29
56947 31
56950 25
56980 28
57040 16
57046 22
57080 20
57133 19
57155 23
57175 25
57188 29
57244 22
57260 20
57304 19
57356 26
57362 23
57440 20
57442 22
57449 29
57484 28
57590 26
57620 20
57625 25
57640 22
57736 28
57784 31
57800 20
57824 26
57850 25
57868 34
57971 29
57979 37
57995 35
58004 17
58036 22
58058 26
58075 25
58100 14
58160 20
58190 23
58234 22
58292 26
58310 17
58330 19
58340 20
58432 22
58492 28
58493 29
58496 32
58501 19
58520 20
58525 25
58526 26
58604 23
58630 22
58700 20
58744 28
58750 25
58754 29
58760 26
58784 32
58786 34
58811 23
58978 37
59014 19
59018 23
59026 22
59060 20
59179 31
59200 16
59224 22
59225 23
59228 26
59240 20
59248 28
59276 29
59398 34
59420 20
59422 22
59425 25
59432 23
59458 31
59462 26
59537 29
59600 20
59620 22
59648 32
59650 25
59737 31
59752 28
59885 35
59888 38
59930 26
59936 32
59977 37
60005 11
60034 13
60040 10
60064 16
60104 11
60116 14
60130 10
60146 17
60151 13
60200 8
60203 11
60208 16
60220 10
60242 14
60302 11
60310 10
60352 16
60382 19
60398 26
60400 10
60401 11
60452 17
60467 23
60500 11
60502 13
60553 19
60605 17
60620 14
60640 16
60674 23
60680 20
60724 19
60775 25
60808 22
60860 20
60866 26
60881 23
60911 17
61030 10
61064 17
61066 19
61072 16
61088 23
61120 10
61124 14
61204 13
61210 10
61216 16
61217 17
61237 19
61250 14
61295 23
61300 10
61321 13
61360 16
61370 17
61408 19
61502 14
61504 16
61523 17
61568 26
61580 20
61675 25
61709 23
61750 19
61760 20
61768 28
61886 29
61916 23
61921 19
61940 20
61969 31
62000 8
62006 14
62020 10
62023 13
62080 16
62092 19
62110 10
62132 14
62135 17
62140 13
62194 22
62200 10
62224 16
62263 19
62392 22
62434 19
62441 17
62480 20
62510 14
62512 16
62537 23
62575 25
62590 22
62605 19
62660 20
62669 29
62738 26
62744 23
62776 28
62800 16
62840 20
62900 17
62951 23
62972 26
63010 10
63014 14
63053 17
63100 10
63118 19
63140 14
63158 23
63184 22
63206 17
63232 16
63310 13
63365 23
63380 20
63382 22
63460 19
63475 25
63512 17
63520 16
63560 20
63572 23
63580 22
63631 19
63674 26
63740 20
63784 28
63802 19
63908 26
63920 20
63925 25
63968 32
63974 29
63988 34
64000 10
64012 13
64022 14
64124 17
64144 19
64174 22
64193 23
64240 16
64280 20
64288 28
64315 19
64372 22
64375 25
64376 26
64400 14
64430 17
64460 20
64496 29
64570 22
64607 23
64640 20
64757 29
64759 31
64792 28
64814 23
64820 20
64825 25
64844 26
65030 14
65042 17
65078 26
65104 16
65164 22
65170 19
65180 20
65228 23
65275 25
65279 29
65296 28
65341 19
65360 20
65362 22
65435 23
65501 17
65512 19
65540 20
65546 26
65548 28
65560 22
65596 31
65642 23
65696 32
65720 20
65725 25
65780 26
65875 31
65900 20
65950 25
65984 32
66001 13
66025 19
66056 23
66080 20
66112 16
66113 17
66154 22
66175 25
66248 26
66260 20
66263 23
66352 22
66400 16
66440 20
66470 23
66482 26
66550 22
66556 28
66584 29
66620 20
66625 25
66716 26
66800 20
66808 28
66845 29
66848 32
66850 25
66950 26
66991 31
67031 17
67051 19
67075 25
67091 23
67120 16
67144 22
67160 20
67184 26
67222 19
67340 20
67342 22
67367 29
67418 26
67505 23
67520 20
67525 25
67540 22
67549 31
67564 28
67628 29
67652 26
67700 20
67712 23
67750 25
67816 28
67828 31
67966 34
67969 37
68060 20
68068 28
68102 17
68126 23
68134 22
68240 20
68288 32
68332 22
68333 23
68354 26
68386 31
68420 20
68425 25
68530 22
68540 23
68572 28
68576 32
68578 34
68600 20
68650 25
68665 31
68672 29
68822 26
68824 28
68864 32
68884 34
68933 29
68944 31
68968 37
69020 17
69056 26
69076 28
69103 19
69124 22
69140 20
69161 23
69194 29
69290 26
69320 20
69322 22
69325 25
69328 28
69455 29
69496 34
69500 20
69520 22
69524 26
69550 25
69580 28
69716 29
69728 32
69781 31
69832 28
69965 35
69967 37
70000 7
70004 11
70030 10
70070 14
70091 17
70103 11
70120 10
70129 19
70144 16
70196 23
70202 11
70210 10
70213 13
70244 17
70300 10
70301 11
70322 14
70330 13
70400 11
70432 16
70471 19
70499 29
70550 17
70580 20
70588 28
70642 19
70675 25
70694 26
70700 14
70703 17
70708 22
70720 16
70760 20
70813 19
70817 23
70897 31
70906 22
70928 26
70940 20
71000 8
71008 16
71009 17
71020 10
71032 13
71110 10
71152 16
71155 19
71162 17
71200 10
71204 14
71315 17
71326 19
71330 14
71396 26
71438 23
71440 16
71480 20
71500 13
71575 25
71596 28
71621 17
71645 23
71660 20
71840 20
71848 28
71852 23
71864 26
72010 10
72016 16
72059 23
72080 17
72094 22
72098 26
72100 10
72160 16
72181 19
72202 13
72212 14
72233 17
72266 23
72292 22
72304 16
72352 19
72380 20
72473 23
72475 25
72490 22
72523 19
72560 20
72566 26
72587 29
72680 23
72740 20
72848 29
72856 28
72896 32
72920 20
72925 25
73000 10
73021 13
73024 16
73036 19
73084 22
73094 23
73151 17
73207 19
73220 14
73268 26
73280 20
73282 22
73304 17
73312 16
73375 25
73460 20
73480 22
73508 23
73600 16
73610 17
73640 20
73687 31
73715 23
73720 19
73736 26
73820 20
73825 25
73864 28
73892 29
73922 23
73966 31
73970 26
74032 16
74062 19
74074 22
74102 14
74129 23
74180 20
74222 17
74233 19
74272 22
74275 25
74320 16
74336 23
74360 20
74368 28
74404 19
74438 26
74470 22
74540 20
74543 23
74672 26
74675 29
74698 34
74720 20
74725 25
74750 23
74872 28
74900 20
74906 26
74936 29
74950 25
75010 13
75040 16
75064 22
75080 20
75110 14
75140 17
75164 23
75175 25
75197 29
75260 20
75262 22
75371 23
75374 26
75376 28
75430 19
75440 20
75458 29
75460 22
75488 32
75601 19
75608 26
75620 20
75625 25
75628 28
75719 29
75776 32
75800 20
75842 26
75850 25
75880 28
75919 31
75980 29
76054 22
76075 25
76076 26
76114 19
76160 20
76198 31
76211 17
76252 22
76340 20
76384 28
76406 23
76450 22
76477 31
76520 20
76525 25
76544 26
76613 23
76636 28
76700 20
76750 25
76756 31
76763 29
76820 23
76895 35
76928 32
76988 38
77000 14
77027 23
77044 22
77060 20
77140 19
77200 16
77234 23
77240 20
77242 22
77246 26
77285 29
77311 19
77392 28
77420 20
77425 25
77440 22
77441 23
77480 26
77546 29
77593 31
77600 20
77644 28
77650 25
77714 26
77758 34
77792 32
77807 29
77872 31
77959 37
78034 22
78062 23
78068 29
78140 20
78148 28
78182 26
78200 17
78232 22
78320 20
78325 25
78329 29
78368 32
78416 26
78430 22
78500 20
78550 25
78590 29
78650 26
78652 28
78656 32
78676 34
78698 38
78709 31
78785 35
78851 29
78904 28
78944 32
78958 37
78982 34
79021 19
79024 22
79040 20
79118 26
79156 28
79220 20
79222 22
79225 25
79267 31
79288 34
79304 23
79352 26
79373 29
79400 20
79408 28
79420 22
79450 25
79511 23
79546 31
79594 34
79634 29
79660 28
79808 32
79820 26
79825 31
79900 25
79912 28
79957 37
80000 8
80003 11
80020 10
80024 14
80036 17
80041 13
80047 19
80080 16
80102 11
80110 10
80150 14
80200 10
80201 11
80218 19
80224 16
80288 26
80300 11
80339 23
80342 17
80402 14
80480 20
80512 16
80546 23
80560 19
80575 25
80608 22
80660 20
80668 28
80678 29
80731 19
80753 23
80756 26
80800 16
80801 17
80806 22
80840 20
80902 19
80939 29
80960 23
80990 26
81010 10
81032 14
81073 19
81100 10
81107 17
81167 23
81211 13
81232 16
81244 19
81260 17
81374 23
81380 20
81410 14
81413 17
81415 19
81458 26
81475 25
81499 31
81520 16
81560 20
81581 23
81676 28
81692 26
81740 20
81778 31
81920 20
81925 25
81926 26
81928 28
81983 29
82000 10
82025 17
82030 13
82040 14
82192 22
82240 16
82270 19
82280 20
82331 17
82375 25
82390 22
82394 26
82409 23
82441 19
82460 20
82612 19
82616 23
82628 26
82640 20
82684 28
82688 32
82766 29
82820 20
82823 23
82825 25
82862 26
82894 31
82936 28
82976 32
83096 26
83104 16
83125 19
83180 20
83182 22
83188 28
83200 13
83237 23
83275 25
83288 29
83300 14
83360 20
83380 22
83402 17
83444 23
83540 20
83549 29
83564 26
83651 23
83692 28
83720 20
83725 25
83878 34
83900 20
83944 28
83950 25
84014 17
84065 23
84080 20
84112 16
84151 19
84172 22
84175 25
84196 28
84260 20
84266 26
84272 23
84289 31
84320 17
84322 19
84370 22
84400 16
84440 20
84448 28
84568 31
84593 29
84620 20
84625 25
84734 26
84796 34
84800 20
84847 31
84850 25
84854 29
84952 28
84992 32
85006 19
85075 25
85120 16
85160 20
85162 22
85307 23
85340 20
85360 22
85376 29
85436 26
85456 28
85514 23
85520 20
85525 25
85568 32
85637 29
85670 26
85684 31
85700 20
85708 28
85721 23
85750 25
85856 32
85904 26
85960 28
85963 31
86003 17
86032 19
86060 20
86135 23
86138 26
86152 22
86159 29
86203 19
86240 20
86342 23
86350 22
86372 26
86420 20
86425 25
86464 28
86600 20
86606 26
86650 25
86681 29
86716 28
86840 26
86938 34
86942 29
86975 35
87074 26
87079 31
87140 20
87142 22
87170 23
87296 32
87308 26
87320 20
87325 25
87340 22
87358 31
87400 19
87464 29
87472 28
87500 20
87542 26
87550 25
87584 32
87637 31
87724 28
87725 29
87856 34
87872 32
87916 31
87949 37
88000 16
88040 20
88132 22
88195 31
88205 23
88220 20
88225 25
88228 28
88244 26
88247 29
88330 22
88400 20
88412 23
88448 32
88450 25
88468 34
88474 31
88480 28
88508 29
88712 26
88732 28
88736 32
88753 31
88774 34
88865 35
88900 25
88948 37
88958 38
89033 23
89110 19
89120 20
89122 22
89125 25
89180 26
89236 28
89240 23
89291 29
89300 20
89320 22
89350 25
89386 34
89414 26
89495 35
89552 29
89590 31
89692 34
89740 28
89800 25
89813 29
89947 37
89984 38
90002 11
90010 10
90016 16
90068 23
90100 10
90101 11
90103 13
90104 14
90134 17
90136 19
90160 16
90200 11
90220 13
90230 14
90275 23
90304 16
90307 19
90380 20
90440 17
90475 25
90482 23
90496 28
90508 22
90560 20
90584 26
90596 29
90706 22
90740 20
90748 28
90818 26
90820 19
90857 29
90904 22
90920 20
90925 25
90985 31
91000 10
91024 16
91052 17
91112 14
91162 19
91205 17
91280 20
91286 26
91312 16
91333 19
91375 25
91379 29
91460 20
91504 19
91511 17
91517 23
91600 16
91640 20
91724 23
91754 26
91756 28
91820 20
91825 25
91931 23
92017 19
92032 16
92092 22
92120 14
92123 17
92138 23
92180 20
92275 25
92290 22
92320 16
92345 23
92360 20
92456 26
92530 19
92540 20
92552 23
92659 31
92684 29
92690 26
92701 19
92720 20
92725 25
92764 28
92768 32
92900 20
92924 26
92938 31
92945 29
92950 25
93002 14
93040 16
93041 17
93043 19
93080 20
93082 22
93158 26
93173 23
93175 25
93214 19
93260 20
93268 28
93280 22
93380 23
93392 26
93440 20
93467 29
93496 31
93500 17
93620 20
93625 25
93626 26
93728 29
93772 28
93775 31
93800 20
93850 25
93860 26
93976 34
94010 14
94072 22
94075 25
94094 26
94112 17
94160 20
94208 23
94240 19
94270 22
94276 28
94328 26
94340 20
94411 19
94415 23
94496 32
94520 20
94525 25
94528 28
94562 26
94588 34
94622 23
94700 20
94750 25
94772 29
94780 28
94784 32
94891 31
94894 34
95030 17
95036 23
95060 20
95062 22
95200 16
95240 20
95243 23
95260 22
95264 26
95284 28
95294 29
95420 20
95425 25
95449 31
95450 23
95536 28
95555 29
95600 20
95648 32
95650 25
95728 31
95732 26
95795 35
95798 38
95816 29
95936 32
96052 22
96071 23
96077 29
96101 17
96121 19
96140 20
96250 22
96286 31
96292 28
96320 20
96325 25
96338 29
96434 26
96500 20
96544 28
96550 25
96565 31
96844 31
96860 29
96902 26
97040 20
97042 22
97048 28
97088 32
97106 23
97136 26
97220 20
97225 25
97240 22
97313 23
97370 26
97376 32
97382 29
97400 20
97450 25
97520 23
97552 28
97604 26
97643 29
97648 34
97664 32
97681 31
97685 35
97804 28
97900 25
97904 29
97939 37
97952 32
97954 34
97960 31
98002 19
98032 22
98056 28
98072 26
98120 20
98125 25
98141 23
98165 29
98230 22
98239 31
98300 20
98306 26
98308 28
98350 25
98426 29
98518 31
98528 32
98540 26
98560 28
98566 34
98800 25
98812 28
98816 32
98872 34
98876 38
98938 37
98945 35
99008 26
99020 20
99022 22
99025 25
99064 28
99076 31
99178 34
99200 20
99209 29
99220 22
99242 26
99250 25
99316 28
99355 31
99392 32
99470 29
99484 34
99575 35
99634 31
99680 32
99700 25
99710 26
99731 29
99790 34
99820 28
99889 43
99890 35
99913 31
99937 37
100000 1
